Result of Pass 3: 
25 31 0 8
1                             2                           3   
1 1                           2                           3   
    1                       2 2 2                     3 3     
      1 1 1               2 2 2 2 2                 3 3       
        1 1             2 2 2 2 2 2 2             3 3         
    4                 2 2 2 2     2 2 2           3           
    4 4 4 4         2 2 2 2 2   2 2 2 2 2                     
  4   4           2 2 2 2 2 2 2 2 2 2 2 2 2         2 2       
    4   4         2 2   2 2     2 2 2   2 2         2         
        4   5     2 2 2 2 2     2 2   2 2 2         2         
    2             2 2 2 2 2 2 2 2 2 2 2 2 2         2         
    2 2 2 2 2 2 2 2 2   2 2 2 2 2 2 2 2 2 2 2 2 2 2 2 2       
          2       2 2 2 2 2 2 2     2 2 2 2                   
        2         2 2 2 2   2 2 2   2 2 2 2                   
      2             2 2 2 2   2 2 2 2 2 2   2                 
                  2     2 2   2 2 2 2         2 2 2           
                2         2 2 2 2 2             2             
              2             2 2 2     6         2 2           
            2                 2         6                     
                        2     2                               
      7                 2     2                               
    7 7 7               2     2                               
    7 7 7         2 2 2 2 2 2 2 2             8   8           
      7                     2 2 2             8 8             
                          2 2 2 2 2           8               

