Image before Thinning: Cycle - 0
                                                                                                                                
                                                                                                                                
                                                                                                                                
                                                            1                                                                   
                                                          1 1 1                                 1 1 1 1 1 1 1                   
                                                        1 1 1 1 1                               1 1 1 1 1 1 1                   
                                                      1 1 1 1 1 1 1                             1 1 1 1 1 1 1                   
                    1                               1 1 1 1 1 1 1 1 1                           1 1 1 1 1 1 1                   
                  1 1 1                           1 1 1 1 1 1 1 1 1 1 1                         1 1 1 1 1 1 1                   
                1 1 1 1 1                       1 1 1 1 1 1 1 1 1 1 1 1 1                       1 1 1 1 1 1 1                   
              1 1 1 1 1 1 1                   1 1 1 1 1 1 1 1 1 1 1 1 1 1 1                     1 1 1 1 1 1 1                   
            1 1 1 1 1 1 1 1 1               1 1 1 1 1 1 1 1 1 1 1 1 1 1 1 1 1                   1 1 1 1 1 1 1                   
          1 1 1 1 1 1 1 1 1 1 1           1 1 1 1 1 1 1 1 1 1 1 1 1 1 1 1 1 1 1                 1 1 1 1 1 1 1                   
        1 1 1 1 1 1 1 1 1 1 1 1 1           1 1 1 1 1 1 1 1 1 1 1 1 1 1 1 1 1                   1 1 1 1 1 1 1                   
      1 1 1 1 1 1 1 1 1 1 1 1 1 1 1           1 1 1 1 1 1 1 1 1 1 1 1 1 1 1                     1 1 1 1 1 1 1                   
    1 1 1 1 1 1 1 1 1 1 1 1 1 1 1 1 1           1 1 1 1 1 1 1 1 1 1 1 1 1                       1 1 1 1 1 1 1                   
  1 1 1 1 1 1 1 1 1 1 1 1 1 1 1 1 1 1 1           1 1 1 1 1 1 1 1 1 1 1                         1 1 1 1 1 1 1                   
1 1 1 1 1 1 1 1 1 1 1 1 1 1 1 1 1 1 1 1 1           1 1 1 1 1 1 1 1 1                           1 1 1 1 1 1 1                   
1 1 1 1 1 1 1 1 1 1 1 1 1 1 1 1 1 1 1 1 1 1           1 1 1 1 1 1 1                             1 1 1 1 1 1 1                   
1 1 1 1 1 1 1 1 1 1 1 1 1 1 1 1 1 1 1 1 1 1 1           1 1 1 1 1                               1 1 1 1 1 1 1                   
1 1 1 1 1 1 1 1 1 1 1 1 1 1 1 1 1 1 1 1 1 1 1 1             1 1 1                               1 1 1 1 1 1 1                   
1 1 1 1 1 1 1 1 1 1 1 1 1 1 1 1 1 1 1 1 1 1 1               1                                   1 1 1 1 1 1 1                   
1 1 1 1 1 1 1 1 1 1 1 1 1 1 1 1 1 1 1 1 1 1                 1                                   1 1 1 1 1 1 1                   
1 1 1 1 1 1 1 1 1 1 1 1 1 1 1 1 1 1 1 1 1                 1 1 1                                 1 1 1 1 1 1 1                   
  1 1 1 1 1 1 1 1 1 1 1 1 1 1 1 1 1 1 1                 1 1 1 1 1                               1 1 1 1 1 1 1                   
    1 1 1 1 1 1 1 1 1 1 1 1 1 1 1 1 1                   1 1 1 1 1 1 1                           1 1 1 1 1 1 1                   
      1 1 1 1 1 1 1 1 1 1 1 1 1 1 1                   1 1 1 1 1 1 1 1 1                         1 1 1 1 1 1 1                   
        1 1 1 1 1 1 1 1 1 1 1 1 1                 1 1 1 1 1 1 1 1 1 1 1                         1 1 1 1 1 1 1                   
          1 1 1 1 1 1 1 1 1 1 1                   1 1 1 1 1 1 1 1 1 1 1 1 1                     1 1 1 1 1 1 1                   
            1 1 1 1 1 1 1 1 1                 1 1 1 1 1 1 1 1 1 1 1 1 1 1 1                     1 1 1 1 1 1 1                   
              1 1 1 1 1 1 1                 1 1 1 1 1 1 1 1 1 1 1 1 1 1 1 1 1                   1 1 1 1 1 1 1                   
                1 1 1 1 1                 1 1 1 1 1 1 1 1 1 1 1 1 1 1 1 1 1 1 1                 1 1 1 1 1 1 1                   
                  1 1 1                     1 1 1 1 1 1 1 1 1 1 1 1 1 1 1 1 1                   1 1 1 1 1 1 1                   
                    1                         1 1 1 1 1 1 1 1 1 1 1 1 1 1 1                     1 1 1 1 1 1 1                   
                                                1 1 1 1 1 1 1 1 1 1 1 1 1                       1 1 1 1 1 1 1                   
                                                  1 1 1 1 1 1 1 1 1 1 1                                                         
                                                    1 1 1 1 1 1 1 1 1                                                           
                                                      1 1 1 1 1 1 1                                                             
                                                        1 1 1 1 1                                                               
                                                          1 1 1                                                                 
                                                            1                                                                   
                                                                                                                                
                                                                                                                                
                                                                                                                                
                                                                                                                                

Result of Thinning: Cycle - 1
                                                                                                                                
                                                                                                                                
                                                                                                                                
                                                            1                                                                   
                                                            1                                   1           1                   
                                                            1                                     1 1 1 1 1                     
                                                          1 1 1                                   1 1 1 1 1                     
                    1                                   1 1 1 1 1                                 1 1 1 1 1                     
                    1                                 1 1 1 1 1 1 1                               1 1 1 1 1                     
                    1                               1 1 1 1 1 1 1 1 1                             1 1 1 1 1                     
                  1 1 1                           1 1 1 1 1 1 1 1 1 1 1                           1 1 1 1 1                     
                1 1 1 1 1                       1 1 1 1 1 1 1 1 1 1 1 1 1                         1 1 1 1 1                     
              1 1 1 1 1 1 1               1 1 1 1 1 1 1 1 1 1 1 1 1 1 1 1 1 1 1                   1 1 1 1 1                     
            1 1 1 1 1 1 1 1 1                   1 1 1 1 1 1 1 1 1 1 1 1 1                         1 1 1 1 1                     
          1 1 1 1 1 1 1 1 1 1 1                   1 1 1 1 1 1 1 1 1 1 1                           1 1 1 1 1                     
        1 1 1 1 1 1 1 1 1 1 1 1 1                   1 1 1 1 1 1 1 1 1                             1 1 1 1 1                     
      1 1 1 1 1 1 1 1 1 1 1 1 1 1 1                   1 1 1 1 1 1 1                               1 1 1 1 1                     
1 1 1 1 1 1 1 1 1 1 1 1 1 1 1 1 1 1 1                   1 1 1 1 1                                 1 1 1 1 1                     
  1 1 1 1 1 1 1 1 1 1 1 1 1 1 1 1 1 1 1                   1 1 1                                   1 1 1 1 1                     
  1 1 1 1 1 1 1 1 1 1 1 1 1 1 1 1 1 1 1 1                     1                                   1 1 1 1 1                     
  1 1 1 1 1 1 1 1 1 1 1 1 1 1 1 1 1 1 1 1 1 1 1             1   1                                 1 1 1 1 1                     
  1 1 1 1 1 1 1 1 1 1 1 1 1 1 1 1 1 1 1 1                   1                                     1 1 1 1 1                     
  1 1 1 1 1 1 1 1 1 1 1 1 1 1 1 1 1 1 1                     1                                     1 1 1 1 1                     
  1 1 1 1 1 1 1 1 1 1 1 1 1 1 1 1 1 1                       1                                     1 1 1 1 1                     
      1 1 1 1 1 1 1 1 1 1 1 1 1 1 1                     1 1 1                                     1 1 1 1 1                     
        1 1 1 1 1 1 1 1 1 1 1 1 1                         1 1 1     1                             1 1 1 1 1                     
          1 1 1 1 1 1 1 1 1 1 1                           1 1 1 1 1                               1 1 1 1 1                     
            1 1 1 1 1 1 1 1 1                     1     1 1 1 1 1 1 1                             1 1 1 1 1                     
              1 1 1 1 1 1 1                         1 1 1 1 1 1 1 1 1     1                       1 1 1 1 1                     
                1 1 1 1 1                     1     1 1 1 1 1 1 1 1 1 1 1                         1 1 1 1 1                     
                  1 1 1                         1 1 1 1 1 1 1 1 1 1 1 1 1                         1 1 1 1 1                     
                    1                     1 1 1 1 1 1 1 1 1 1 1 1 1 1 1 1 1 1 1                   1 1 1 1 1                     
                    1                           1 1 1 1 1 1 1 1 1 1 1 1 1                         1 1 1 1 1                     
                    1                             1 1 1 1 1 1 1 1 1 1 1                           1 1 1 1 1                     
                                                    1 1 1 1 1 1 1 1 1                           1           1                   
                                                      1 1 1 1 1 1 1                                                             
                                                        1 1 1 1 1                                                               
                                                          1 1 1                                                                 
                                                            1                                                                   
                                                            1                                                                   
                                                            1                                                                   
                                                                                                                                
                                                                                                                                
                                                                                                                                
                                                                                                                                

Result of Thinning: Cycle - 2
                                                                                                                                
                                                                                                                                
                                                                                                                                
                                                            1                                                                   
                                                            1                                   1           1                   
                                                            1                                     1       1                     
                                                            1                                       1 1 1                       
                    1                                       1                                       1 1 1                       
                    1                                     1 1 1                                     1 1 1                       
                    1                                   1 1 1 1 1                                   1 1 1                       
                    1                                 1 1 1 1 1 1 1                                 1 1 1                       
                    1                               1 1 1 1 1 1 1 1 1                               1 1 1                       
                  1 1 1                   1 1 1 1 1 1 1 1 1 1 1 1 1 1 1 1 1 1 1                     1 1 1                       
                1 1 1 1 1                           1 1 1 1 1 1 1 1 1                               1 1 1                       
              1 1 1 1 1 1 1                           1 1 1 1 1 1 1                                 1 1 1                       
            1 1 1 1 1 1 1 1 1                           1 1 1 1 1                                   1 1 1                       
          1 1 1 1 1 1 1 1 1 1 1                           1 1 1                                     1 1 1                       
1 1     1 1 1 1 1 1 1 1 1 1 1 1 1                           1                                       1 1 1                       
    1 1 1 1 1 1 1 1 1 1 1 1 1 1 1 1                           1                                     1 1 1                       
    1 1 1 1 1 1 1 1 1 1 1 1 1 1 1 1 1                         1                                     1 1 1                       
    1 1 1 1 1 1 1 1 1 1 1 1 1 1 1 1 1 1 1 1 1 1             1   1                                   1 1 1                       
    1 1 1 1 1 1 1 1 1 1 1 1 1 1 1 1 1                       1                                       1 1 1                       
    1 1 1 1 1 1 1 1 1 1 1 1 1 1 1 1                         1                                       1 1 1                       
  1     1 1 1 1 1 1 1 1 1 1 1 1 1                           1                                       1 1 1                       
          1 1 1 1 1 1 1 1 1 1 1                         1   1                                       1 1 1                       
            1 1 1 1 1 1 1 1 1                             1         1                               1 1 1                       
              1 1 1 1 1 1 1                                 1     1                                 1 1 1                       
                1 1 1 1 1                         1         1 1 1                                   1 1 1                       
                  1 1 1                             1     1 1 1 1 1       1                         1 1 1                       
                    1                         1       1 1 1 1 1 1 1     1                           1 1 1                       
                    1                           1     1 1 1 1 1 1 1 1 1                             1 1 1                       
                    1                     1 1 1 1 1 1 1 1 1 1 1 1 1 1 1 1 1 1 1                     1 1 1                       
                    1                               1 1 1 1 1 1 1 1 1                               1 1 1                       
                    1                                 1 1 1 1 1 1 1                               1       1                     
                                                        1 1 1 1 1                               1           1                   
                                                          1 1 1                                                                 
                                                            1                                                                   
                                                            1                                                                   
                                                            1                                                                   
                                                            1                                                                   
                                                            1                                                                   
                                                                                                                                
                                                                                                                                
                                                                                                                                
                                                                                                                                

Result of Thinning: Cycle - 3
                                                                                                                                
                                                                                                                                
                                                                                                                                
                                                            1                                                                   
                                                            1                                   1           1                   
                                                            1                                     1       1                     
                                                            1                                       1   1                       
                    1                                       1                                         1                         
                    1                                       1                                         1                         
                    1                                       1                                         1                         
                    1                                     1 1 1                                       1                         
                    1                                   1 1 1 1 1                                     1                         
                    1                     1 1 1 1 1 1 1 1 1 1 1 1 1 1 1 1 1 1 1                       1                         
                    1                                   1 1 1 1 1                                     1                         
                  1 1 1                                   1 1 1                                       1                         
                1 1 1 1 1                                   1                                         1                         
              1 1 1 1 1 1 1                                 1                                         1                         
1 1         1 1 1 1 1 1 1 1 1                               1                                         1                         
    1     1 1 1 1 1 1 1 1 1 1 1                               1                                       1                         
      1 1 1 1 1 1 1 1 1 1 1 1 1 1                             1                                       1                         
      1 1 1 1 1 1 1 1 1 1 1 1 1 1 1 1 1 1 1 1 1             1   1                                     1                         
      1 1 1 1 1 1 1 1 1 1 1 1 1 1                           1                                         1                         
    1     1 1 1 1 1 1 1 1 1 1 1                             1                                         1                         
  1         1 1 1 1 1 1 1 1 1                               1                                         1                         
              1 1 1 1 1 1 1                             1   1                                         1                         
                1 1 1 1 1                                 1         1                                 1                         
                  1 1 1                                     1     1                                   1                         
                    1                             1         1   1                                     1                         
                    1                               1         1           1                           1                         
                    1                         1       1     1 1 1       1                             1                         
                    1                           1       1 1 1 1 1     1                               1                         
                    1                     1 1 1 1 1     1 1 1 1 1 1 1   1 1 1 1                       1                         
                    1                               1 1 1 1 1 1 1                                   1   1                       
                    1                                     1 1 1                                   1       1                     
                                                            1                                   1           1                   
                                                            1                                                                   
                                                            1                                                                   
                                                            1                                                                   
                                                            1                                                                   
                                                            1                                                                   
                                                            1                                                                   
                                                                                                                                
                                                                                                                                
                                                                                                                                
                                                                                                                                

Result of Thinning: Cycle - 4
                                                                                                                                
                                                                                                                                
                                                                                                                                
                                                            1                                                                   
                                                            1                                   1           1                   
                                                            1                                     1       1                     
                                                            1                                       1   1                       
                    1                                       1                                         1                         
                    1                                       1                                         1                         
                    1                                       1                                         1                         
                    1                                       1                                         1                         
                    1                                       1                                         1                         
                    1                     1 1 1 1 1 1 1 1 1 1 1 1 1 1 1 1 1 1 1                       1                         
                    1                                       1                                         1                         
                    1                                       1                                         1                         
                    1                                       1                                         1                         
                  1 1 1                                     1                                         1                         
1 1             1 1 1 1 1                                   1                                         1                         
    1         1 1 1 1 1 1 1                                   1                                       1                         
      1     1 1 1 1 1 1 1 1 1                                 1                                       1                         
        1 1 1 1 1 1 1 1 1 1 1 1 1 1 1 1 1 1 1 1             1   1                                     1                         
      1     1 1 1 1 1 1 1 1 1                               1                                         1                         
    1         1 1 1 1 1 1 1                                 1                                         1                         
  1             1 1 1 1 1                                   1                                         1                         
                  1 1 1                                 1   1                                         1                         
                    1                                     1         1                                 1                         
                    1                                       1     1                                   1                         
                    1                             1         1   1                                     1                         
                    1                               1         1           1                           1                         
                    1                         1       1       1         1                             1                         
                    1                           1       1     1       1                               1                         
                    1                     1 1 1 1 1     1 1 1 1 1 1 1   1 1 1 1                       1                         
                    1                               1 1     1                                       1   1                       
                    1                                       1                                     1       1                     
                                                            1                                   1           1                   
                                                            1                                                                   
                                                            1                                                                   
                                                            1                                                                   
                                                            1                                                                   
                                                            1                                                                   
                                                            1                                                                   
                                                                                                                                
                                                                                                                                
                                                                                                                                
                                                                                                                                

Result of Thinning: Cycle - 5
                                                                                                                                
                                                                                                                                
                                                                                                                                
                                                            1                                                                   
                                                            1                                   1           1                   
                                                            1                                     1       1                     
                                                            1                                       1   1                       
                    1                                       1                                         1                         
                    1                                       1                                         1                         
                    1                                       1                                         1                         
                    1                                       1                                         1                         
                    1                                       1                                         1                         
                    1                     1 1 1 1 1 1 1 1 1 1 1 1 1 1 1 1 1 1 1                       1                         
                    1                                       1                                         1                         
                    1                                       1                                         1                         
                    1                                       1                                         1                         
                    1                                       1                                         1                         
1 1                 1                                       1                                         1                         
    1             1 1 1                                       1                                       1                         
      1         1 1 1 1 1                                     1                                       1                         
        1 1 1 1 1 1 1 1 1 1 1 1 1 1 1 1 1 1 1 1             1   1                                     1                         
      1         1 1 1 1 1                                   1                                         1                         
    1             1 1 1                                     1                                         1                         
  1                 1                                       1                                         1                         
                    1                                   1   1                                         1                         
                    1                                     1         1                                 1                         
                    1                                       1     1                                   1                         
                    1                             1         1   1                                     1                         
                    1                               1         1           1                           1                         
                    1                         1       1       1         1                             1                         
                    1                           1       1     1       1                               1                         
                    1                     1 1 1 1 1     1 1   1 1 1 1   1 1 1 1                       1                         
                    1                               1 1     1                                       1   1                       
                    1                                       1                                     1       1                     
                                                            1                                   1           1                   
                                                            1                                                                   
                                                            1                                                                   
                                                            1                                                                   
                                                            1                                                                   
                                                            1                                                                   
                                                            1                                                                   
                                                                                                                                
                                                                                                                                
                                                                                                                                
                                                                                                                                

Result of Thinning: Cycle - 6
                                                                                                                                
                                                                                                                                
                                                                                                                                
                                                            1                                                                   
                                                            1                                   1           1                   
                                                            1                                     1       1                     
                                                            1                                       1   1                       
                    1                                       1                                         1                         
                    1                                       1                                         1                         
                    1                                       1                                         1                         
                    1                                       1                                         1                         
                    1                                       1                                         1                         
                    1                     1 1 1 1 1 1 1 1 1 1 1 1 1 1 1 1 1 1 1                       1                         
                    1                                       1                                         1                         
                    1                                       1                                         1                         
                    1                                       1                                         1                         
                    1                                       1                                         1                         
1 1                 1                                       1                                         1                         
    1               1                                         1                                       1                         
      1             1                                         1                                       1                         
        1 1 1 1 1 1 1 1 1 1 1 1 1 1 1 1 1 1 1 1             1   1                                     1                         
      1             1                                       1                                         1                         
    1               1                                       1                                         1                         
  1                 1                                       1                                         1                         
                    1                                   1   1                                         1                         
                    1                                     1         1                                 1                         
                    1                                       1     1                                   1                         
                    1                             1         1   1                                     1                         
                    1                               1         1           1                           1                         
                    1                         1       1       1         1                             1                         
                    1                           1       1     1       1                               1                         
                    1                     1 1 1 1 1     1 1   1 1 1 1   1 1 1 1                       1                         
                    1                               1 1     1                                       1   1                       
                    1                                       1                                     1       1                     
                                                            1                                   1           1                   
                                                            1                                                                   
                                                            1                                                                   
                                                            1                                                                   
                                                            1                                                                   
                                                            1                                                                   
                                                            1                                                                   
                                                                                                                                
                                                                                                                                
                                                                                                                                
                                                                                                                                

Result of Thinning: Cycle - 7
                                                                                                                                
                                                                                                                                
                                                                                                                                
                                                            1                                                                   
                                                            1                                   1           1                   
                                                            1                                     1       1                     
                                                            1                                       1   1                       
                    1                                       1                                         1                         
                    1                                       1                                         1                         
                    1                                       1                                         1                         
                    1                                       1                                         1                         
                    1                                       1                                         1                         
                    1                     1 1 1 1 1 1 1 1 1 1 1 1 1 1 1 1 1 1 1                       1                         
                    1                                       1                                         1                         
                    1                                       1                                         1                         
                    1                                       1                                         1                         
                    1                                       1                                         1                         
1 1                 1                                       1                                         1                         
    1               1                                         1                                       1                         
      1             1                                         1                                       1                         
        1 1 1 1 1 1 1 1 1 1 1 1 1 1 1 1 1 1 1 1             1   1                                     1                         
      1             1                                       1                                         1                         
    1               1                                       1                                         1                         
  1                 1                                       1                                         1                         
                    1                                   1   1                                         1                         
                    1                                     1         1                                 1                         
                    1                                       1     1                                   1                         
                    1                             1         1   1                                     1                         
                    1                               1         1           1                           1                         
                    1                         1       1       1         1                             1                         
                    1                           1       1     1       1                               1                         
                    1                     1 1 1 1 1     1 1   1 1 1 1   1 1 1 1                       1                         
                    1                               1 1     1                                       1   1                       
                    1                                       1                                     1       1                     
                                                            1                                   1           1                   
                                                            1                                                                   
                                                            1                                                                   
                                                            1                                                                   
                                                            1                                                                   
                                                            1                                                                   
                                                            1                                                                   
                                                                                                                                
                                                                                                                                
                                                                                                                                
                                                                                                                                

