Final Result of Thinning: 
45 64 0 1
                                                                                                                                
                                                                                                                                
                                                                                                                                
                                                            1                                                                   
                                                            1                                   1           1                   
                                                            1                                     1       1                     
                                                            1                                       1   1                       
                    1                                       1                                         1                         
                    1                                       1                                         1                         
                    1                                       1                                         1                         
                    1                                       1                                         1                         
                    1                                       1                                         1                         
                    1                     1 1 1 1 1 1 1 1 1 1 1 1 1 1 1 1 1 1 1                       1                         
                    1                                       1                                         1                         
                    1                                       1                                         1                         
                    1                                       1                                         1                         
                    1                                       1                                         1                         
1 1                 1                                       1                                         1                         
    1               1                                         1                                       1                         
      1             1                                         1                                       1                         
        1 1 1 1 1 1 1 1 1 1 1 1 1 1 1 1 1 1 1 1             1   1                                     1                         
      1             1                                       1                                         1                         
    1               1                                       1                                         1                         
  1                 1                                       1                                         1                         
                    1                                   1   1                                         1                         
                    1                                     1         1                                 1                         
                    1                                       1     1                                   1                         
                    1                             1         1   1                                     1                         
                    1                               1         1           1                           1                         
                    1                         1       1       1         1                             1                         
                    1                           1       1     1       1                               1                         
                    1                     1 1 1 1 1     1 1   1 1 1 1   1 1 1 1                       1                         
                    1                               1 1     1                                       1   1                       
                    1                                       1                                     1       1                     
                                                            1                                   1           1                   
                                                            1                                                                   
                                                            1                                                                   
                                                            1                                                                   
                                                            1                                                                   
                                                            1                                                                   
                                                            1                                                                   
                                                                                                                                
                                                                                                                                
                                                                                                                                
                                                                                                                                

