Final Result of Thinning: 
30 40 0 1
                                            1                 1                 
                    1                         1             1                   
                    1                           1         1                     
                    1                             1     1                       
                    1                               1 1                         
            1 1     1                                 1                         
                1   1                                 1                         
                  1                                   1                         
                    1                                 1                         
                    1                     1 1 1 1 1 1 1 1 1 1 1 1 1 1 1 1 1 1 1 
                    1                                 1                         
                    1                                 1                         
      1             1               1               1                           
        1           1             1                 1                           
          1         1           1                   1                           
            1       1         1                     1                           
              1     1       1                       1                           
                1   1     1                         1                           
                  1     1                           1                           
                    1 1   1                         1                           
                  1         1                       1                           
                1             1                   1 1 1 1 1 1 1 1 1 1           
              1                 1 1 1 1 1 1 1 1 1                               
            1                                                                   
          1                                                                     
        1                                                                       
                                                                                
                                                                                
                                                                                
                                                                                

