Compressed Skeleton: 
30 40 0 7 
2 11 1
4 11 2
5 27 5
5 28 5
6 11 3
6 27 5
6 28 5
8 11 4
8 28 6
9 28 6
9 29 6
9 31 5
10 11 5
10 22 1
10 28 6
10 29 6
10 31 5
10 32 5
10 34 4
10 36 3
10 38 2
10 40 1
11 11 5
11 28 6
12 11 5
13 11 5
13 27 5
13 28 5
14 11 5
14 27 5
15 11 5
15 27 5
16 11 5
16 27 5
17 27 5
18 27 5
19 10 7
19 11 7
19 12 7
19 13 7
19 27 5
20 10 7
20 11 7
20 12 7
20 13 7
20 27 5
21 11 7
21 12 7
21 27 5
22 27 5
22 29 4
22 31 3
22 33 2
22 35 1
23 11 6
23 12 6
23 17 4
23 18 4
23 19 4
23 20 4
23 21 4
23 22 4
23 23 4
23 24 4
23 25 4
25 11 5
25 12 5
27 11 4
27 12 4

1st pass Expansion: Result of firstPassExpension:
                                                                                
                    1                                                           
                  1 1 1                                                         
                  1 2 1                           4 4 4 4 3 2 1                 
                  2 2 2 1                       3 4 5 5 4 3 2 1                 
                1 2 3 2 1                     2 3 4 5 5 4 3 2 1                 
                1 3 3 3 2 1                 1 2 3 4 5 5 5 4 3 2 1               
                2 3 4 3 2 1                 1 2 3 4 5 6 5 5 4 4 3 2 1           
              1 2 4 4 4 3 2 1               1 2 3 4 5 6 6 5 5 4 4 3 3 2 2 1 1   
              1 3 4 5 4 3 2 1             1 1 2 3 4 5 6 6 5 5 5 4 4 3 3 2 2 1 1 
              2 3 4 5 4 3 2 1               1 2 3 4 5 6 5 5 4 4 4 3 3 2 2 1 1   
            1 2 3 4 5 4 3 2 1               1 2 3 4 5 5 5 4 4 3 3 3 2 2 1 1     
            1 2 3 4 5 4 3 2 1               1 2 3 4 5 5 4 4 3 3 2 2 2 1 1       
            1 2 3 4 5 4 3 2 1               1 2 3 4 5 4 4 3 3 2 2 1 1 1         
            1 2 3 4 5 4 3 2 1               1 2 3 4 5 4 3 3 2 2 1 1             
            1 2 3 4 5 4 3 2 1               1 2 3 4 5 4 3 2 2 1 1               
            1 2 3 4 4 4 3 2 1               1 2 3 4 5 4 3 2 1 1                 
            1 2 6 6 6 6 6 6 5 4 3 2 1       1 2 3 4 5 4 3 2 1                   
            1 5 6 7 7 7 7 6 5 4 3 2 1       1 2 3 4 5 4 3 2 1                   
            4 5 6 7 7 7 7 6 5 4 3 2 1       1 2 3 4 5 4 3 2 1                   
          3 4 5 6 6 7 7 6 6 5 4 3 2 1       1 2 3 4 5 4 3 3 2 2 1 1             
        2 3 4 5 5 6 6 6 6 5 5 4 3 3 3 3 3 3 3 3 3 4 5 4 4 3 3 2 2 1 1           
      1 2 3 4 4 5 5 6 6 5 5 4 4 4 4 4 4 4 4 4 4 4 4 4 4 3 3 2 2 1 1             
      1 2 3 3 4 4 5 5 5 5 4 4 3 3 3 3 3 3 3 3 3 3 3 3 3 3 2 2 1 1               
      1 2 2 3 3 4 4 5 5 4 4 3 3 2 2 2 2 2 2 2 2 2 2 2 2 2 2 1 1                 
      1 1 2 2 3 3 4 4 4 4 3 3 2 2 1 1 1 1 1 1 1 1 1 1 1 1 1 1                   
        1 1 2 2 3 3 4 4 3 3 2 2 1 1                                             
          1 1 2 2 3 3 3 3 2 2 1 1                                               
            1 1 2 2 2 2 2 2 1 1                                                 
              1 1 1 1 1 1 1 1                                                   

2nd pass Expansion: Result of secondPassExpension:
                                            1 1 1 1 1 1 1 1 1 1                 
                    1                       1 2 2 2 2 2 2 2 2 1                 
                  1 1 1                     1 2 3 3 3 3 3 3 2 1 1               
                1 1 2 1 1                   1 2 3 4 4 4 4 3 2 2 1 1             
              1 1 2 2 2 1 1                 1 2 3 4 5 5 4 3 3 2 2 1 1           
            1 1 2 2 3 2 2 1 1               1 2 3 4 5 5 4 4 3 3 2 2 1 1         
            1 2 2 3 3 3 2 2 1               1 2 3 4 5 5 5 4 4 3 3 2 2 1 1       
            1 2 3 3 4 3 3 2 1               1 2 3 4 5 6 5 5 4 4 3 3 2 2 1 1     
            1 2 3 4 4 4 3 2 1               1 2 3 4 5 6 6 5 5 4 4 3 3 2 2 1 1   
            1 2 3 4 5 4 3 2 1             1 1 2 3 4 5 6 6 5 5 5 4 4 3 3 2 2 1 1 
            1 2 3 4 5 4 3 2 1               1 2 3 4 5 6 5 5 4 4 4 3 3 2 2 1 1   
            1 2 3 4 5 4 3 2 1               1 2 3 4 5 5 5 4 4 3 3 3 2 2 1 1     
      1 1 1 1 2 3 4 5 4 3 2 1 1 1 1 1       1 2 3 4 5 5 4 4 3 3 2 2 2 1 1       
      1 2 2 2 2 3 4 5 4 3 2 2 2 2 2 1       1 2 3 4 5 4 4 3 3 2 2 1 1 1         
      1 2 3 3 3 3 4 5 4 3 3 3 3 3 2 1       1 2 3 4 5 4 3 3 2 2 1 1             
      1 2 3 4 4 4 4 5 4 4 4 4 4 3 2 1       1 2 3 4 5 4 3 2 2 1 1               
      1 2 3 4 5 5 5 5 5 5 5 5 4 3 2 1       1 2 3 4 5 4 3 2 1 1                 
      1 2 3 4 5 6 6 6 6 6 6 5 4 3 2 1       1 2 3 4 5 4 3 2 1                   
      1 2 3 4 5 6 7 7 7 7 6 5 4 3 2 1       1 2 3 4 5 4 3 2 1 1                 
      1 2 3 4 5 6 7 7 7 7 6 5 4 3 2 1 1 1 1 1 2 3 4 5 4 3 2 2 1 1               
      1 2 3 4 5 6 6 7 7 6 6 5 4 3 2 2 2 2 2 2 2 3 4 5 4 3 3 2 2 1 1             
      1 2 3 4 5 5 6 6 6 6 5 5 4 3 3 3 3 3 3 3 3 3 4 5 4 4 3 3 2 2 1 1           
      1 2 3 4 4 5 5 6 6 5 5 4 4 4 4 4 4 4 4 4 4 4 4 4 4 3 3 2 2 1 1             
      1 2 3 3 4 4 5 5 5 5 4 4 3 3 3 3 3 3 3 3 3 3 3 3 3 3 2 2 1 1               
      1 2 2 3 3 4 4 5 5 4 4 3 3 2 2 2 2 2 2 2 2 2 2 2 2 2 2 1 1                 
      1 1 2 2 3 3 4 4 4 4 3 3 2 2 1 1 1 1 1 1 1 1 1 1 1 1 1 1                   
        1 1 2 2 3 3 4 4 3 3 2 2 1 1                                             
          1 1 2 2 3 3 3 3 2 2 1 1                                               
            1 1 2 2 2 2 2 2 1 1                                                 
              1 1 1 1 1 1 1 1                                                   


Decompressed File:
30 40 0 1
0 0 0 0 0 0 0 0 0 0 0 0 0 0 0 0 0 0 0 0 0 0 1 1 1 1 1 1 1 1 1 1 0 0 0 0 0 0 0 0 
0 0 0 0 0 0 0 0 0 0 1 0 0 0 0 0 0 0 0 0 0 0 1 1 1 1 1 1 1 1 1 1 0 0 0 0 0 0 0 0 
0 0 0 0 0 0 0 0 0 1 1 1 0 0 0 0 0 0 0 0 0 0 1 1 1 1 1 1 1 1 1 1 1 0 0 0 0 0 0 0 
0 0 0 0 0 0 0 0 1 1 1 1 1 0 0 0 0 0 0 0 0 0 1 1 1 1 1 1 1 1 1 1 1 1 0 0 0 0 0 0 
0 0 0 0 0 0 0 1 1 1 1 1 1 1 0 0 0 0 0 0 0 0 1 1 1 1 1 1 1 1 1 1 1 1 1 0 0 0 0 0 
0 0 0 0 0 0 1 1 1 1 1 1 1 1 1 0 0 0 0 0 0 0 1 1 1 1 1 1 1 1 1 1 1 1 1 1 0 0 0 0 
0 0 0 0 0 0 1 1 1 1 1 1 1 1 1 0 0 0 0 0 0 0 1 1 1 1 1 1 1 1 1 1 1 1 1 1 1 0 0 0 
0 0 0 0 0 0 1 1 1 1 1 1 1 1 1 0 0 0 0 0 0 0 1 1 1 1 1 1 1 1 1 1 1 1 1 1 1 1 0 0 
0 0 0 0 0 0 1 1 1 1 1 1 1 1 1 0 0 0 0 0 0 0 1 1 1 1 1 1 1 1 1 1 1 1 1 1 1 1 1 0 
0 0 0 0 0 0 1 1 1 1 1 1 1 1 1 0 0 0 0 0 0 1 1 1 1 1 1 1 1 1 1 1 1 1 1 1 1 1 1 1 
0 0 0 0 0 0 1 1 1 1 1 1 1 1 1 0 0 0 0 0 0 0 1 1 1 1 1 1 1 1 1 1 1 1 1 1 1 1 1 0 
0 0 0 0 0 0 1 1 1 1 1 1 1 1 1 0 0 0 0 0 0 0 1 1 1 1 1 1 1 1 1 1 1 1 1 1 1 1 0 0 
0 0 0 1 1 1 1 1 1 1 1 1 1 1 1 1 1 1 1 0 0 0 1 1 1 1 1 1 1 1 1 1 1 1 1 1 1 0 0 0 
0 0 0 1 1 1 1 1 1 1 1 1 1 1 1 1 1 1 1 0 0 0 1 1 1 1 1 1 1 1 1 1 1 1 1 1 0 0 0 0 
0 0 0 1 1 1 1 1 1 1 1 1 1 1 1 1 1 1 1 0 0 0 1 1 1 1 1 1 1 1 1 1 1 1 0 0 0 0 0 0 
0 0 0 1 1 1 1 1 1 1 1 1 1 1 1 1 1 1 1 0 0 0 1 1 1 1 1 1 1 1 1 1 1 0 0 0 0 0 0 0 
0 0 0 1 1 1 1 1 1 1 1 1 1 1 1 1 1 1 1 0 0 0 1 1 1 1 1 1 1 1 1 1 0 0 0 0 0 0 0 0 
0 0 0 1 1 1 1 1 1 1 1 1 1 1 1 1 1 1 1 0 0 0 1 1 1 1 1 1 1 1 1 0 0 0 0 0 0 0 0 0 
0 0 0 1 1 1 1 1 1 1 1 1 1 1 1 1 1 1 1 0 0 0 1 1 1 1 1 1 1 1 1 1 0 0 0 0 0 0 0 0 
0 0 0 1 1 1 1 1 1 1 1 1 1 1 1 1 1 1 1 1 1 1 1 1 1 1 1 1 1 1 1 1 1 0 0 0 0 0 0 0 
0 0 0 1 1 1 1 1 1 1 1 1 1 1 1 1 1 1 1 1 1 1 1 1 1 1 1 1 1 1 1 1 1 1 0 0 0 0 0 0 
0 0 0 1 1 1 1 1 1 1 1 1 1 1 1 1 1 1 1 1 1 1 1 1 1 1 1 1 1 1 1 1 1 1 1 0 0 0 0 0 
0 0 0 1 1 1 1 1 1 1 1 1 1 1 1 1 1 1 1 1 1 1 1 1 1 1 1 1 1 1 1 1 1 1 0 0 0 0 0 0 
0 0 0 1 1 1 1 1 1 1 1 1 1 1 1 1 1 1 1 1 1 1 1 1 1 1 1 1 1 1 1 1 1 0 0 0 0 0 0 0 
0 0 0 1 1 1 1 1 1 1 1 1 1 1 1 1 1 1 1 1 1 1 1 1 1 1 1 1 1 1 1 1 0 0 0 0 0 0 0 0 
0 0 0 1 1 1 1 1 1 1 1 1 1 1 1 1 1 1 1 1 1 1 1 1 1 1 1 1 1 1 1 0 0 0 0 0 0 0 0 0 
0 0 0 0 1 1 1 1 1 1 1 1 1 1 1 1 1 1 0 0 0 0 0 0 0 0 0 0 0 0 0 0 0 0 0 0 0 0 0 0 
0 0 0 0 0 1 1 1 1 1 1 1 1 1 1 1 1 0 0 0 0 0 0 0 0 0 0 0 0 0 0 0 0 0 0 0 0 0 0 0 
0 0 0 0 0 0 1 1 1 1 1 1 1 1 1 1 0 0 0 0 0 0 0 0 0 0 0 0 0 0 0 0 0 0 0 0 0 0 0 0 
0 0 0 0 0 0 0 1 1 1 1 1 1 1 1 0 0 0 0 0 0 0 0 0 0 0 0 0 0 0 0 0 0 0 0 0 0 0 0 0 
