1st pass Distance Transform: Result of firstPass8Distance: 
                                            1 1 1 1 1 1 1 1 1 1                 
                    1                       1 2 2 2 2 2 2 2 2 1                 
                  1 1 1                     1 2 3 3 3 3 3 3 2 1 1               
                1 1 2 1 1                   1 2 3 4 4 4 4 3 2 2 1 1             
              1 1 2 2 2 1 1                 1 2 3 4 5 5 4 3 3 2 2 1 1           
            1 1 2 2 3 2 2 1 1               1 2 3 4 5 5 4 4 3 3 2 2 1 1         
            1 2 2 3 3 3 2 2 1               1 2 3 4 5 5 5 4 4 3 3 2 2 1 1       
            1 2 3 3 4 3 3 2 1               1 2 3 4 5 6 5 5 4 4 3 3 2 2 1 1     
            1 2 3 4 4 4 3 2 1               1 2 3 4 5 6 6 5 5 4 4 3 3 2 2 1 1   
            1 2 3 4 5 4 3 2 1             1 1 2 3 4 5 6 6 6 5 5 4 4 3 3 2 2 1 1 
            1 2 3 4 5 4 3 2 1               1 2 3 4 5 6 7 6 6 5 5 4 4 3 3 2 2   
            1 2 3 4 5 4 3 2 1               1 2 3 4 5 6 7 7 6 6 5 5 4 4 3 3     
      1 1 1 1 2 3 4 5 4 3 2 1 1 1 1 1       1 2 3 4 5 6 7 7 7 6 6 5 5 4 4       
      1 2 2 2 2 3 4 5 4 3 2 2 2 2 2 1       1 2 3 4 5 6 7 8 7 7 6 6 5 5         
      1 2 3 3 3 3 4 5 4 3 3 3 3 3 2 1       1 2 3 4 5 6 7 8 8 7 7 6             
      1 2 3 4 4 4 4 5 4 4 4 4 4 3 2 1       1 2 3 4 5 6 7 8 8 8 7               
      1 2 3 4 5 5 5 5 5 5 5 5 4 3 2 1       1 2 3 4 5 6 7 8 9 8                 
      1 2 3 4 5 6 6 6 6 6 6 5 4 3 2 1       1 2 3 4 5 6 7 8 9                   
      1 2 3 4 5 6 7 7 7 7 6 5 4 3 2 1       1 2 3 4 5 6 7 8 1 1                 
      1 2 3 4 5 6 7 8 8 7 6 5 4 3 2 1 1 1 1 1 2 3 4 5 6 7 2 2 1 1               
      1 2 3 4 5 6 7 8 8 7 6 5 4 3 2 2 2 2 2 2 2 3 4 5 6 3 3 2 2 1 1             
      1 2 3 4 5 6 7 8 8 7 6 5 4 3 3 3 3 3 3 3 3 3 4 5 4 4 3 3 2 2 1 1           
      1 2 3 4 5 6 7 8 8 7 6 5 4 4 4 4 4 4 4 4 4 4 4 5 5 4 4 3 3 2 2             
      1 2 3 4 5 6 7 8 8 7 6 5 5 5 5 5 5 5 5 5 5 5 5 5 5 5 4 4 3 3               
      1 2 3 4 5 6 7 8 8 7 6 6 6 6 6 6 6 6 6 6 6 6 6 6 6 5 5 4 4                 
      1 2 3 4 5 6 7 8 8 7 7 7 7 7 7 7 7 7 7 7 7 7 7 7 6 6 5 5                   
        1 2 3 4 5 6 7 8 8 8 8 8 8 8                                             
          1 2 3 4 5 6 7 8 9 9 9 9                                               
            1 2 3 4 5 6 7 8 9 10                                                 
              1 2 3 4 5 6 7 8                                                   

2nd pass Distance Transform: Result of secondPass8Distance: 
                                            1 1 1 1 1 1 1 1 1 1                 
                    1                       1 2 2 2 2 2 2 2 2 1                 
                  1 1 1                     1 2 3 3 3 3 3 3 2 1 1               
                1 1 2 1 1                   1 2 3 4 4 4 4 3 2 2 1 1             
              1 1 2 2 2 1 1                 1 2 3 4 5 5 4 3 3 2 2 1 1           
            1 1 2 2 3 2 2 1 1               1 2 3 4 5 5 4 4 3 3 2 2 1 1         
            1 2 2 3 3 3 2 2 1               1 2 3 4 5 5 5 4 4 3 3 2 2 1 1       
            1 2 3 3 4 3 3 2 1               1 2 3 4 5 6 5 5 4 4 3 3 2 2 1 1     
            1 2 3 4 4 4 3 2 1               1 2 3 4 5 6 6 5 5 4 4 3 3 2 2 1 1   
            1 2 3 4 5 4 3 2 1             1 1 2 3 4 5 6 6 5 5 5 4 4 3 3 2 2 1 1 
            1 2 3 4 5 4 3 2 1               1 2 3 4 5 6 5 5 4 4 4 3 3 2 2 1 1   
            1 2 3 4 5 4 3 2 1               1 2 3 4 5 5 5 4 4 3 3 3 2 2 1 1     
      1 1 1 1 2 3 4 5 4 3 2 1 1 1 1 1       1 2 3 4 5 5 4 4 3 3 2 2 2 1 1       
      1 2 2 2 2 3 4 5 4 3 2 2 2 2 2 1       1 2 3 4 5 4 4 3 3 2 2 1 1 1         
      1 2 3 3 3 3 4 5 4 3 3 3 3 3 2 1       1 2 3 4 5 4 3 3 2 2 1 1             
      1 2 3 4 4 4 4 5 4 4 4 4 4 3 2 1       1 2 3 4 5 4 3 2 2 1 1               
      1 2 3 4 5 5 5 5 5 5 5 5 4 3 2 1       1 2 3 4 5 4 3 2 1 1                 
      1 2 3 4 5 6 6 6 6 6 6 5 4 3 2 1       1 2 3 4 5 4 3 2 1                   
      1 2 3 4 5 6 7 7 7 7 6 5 4 3 2 1       1 2 3 4 5 4 3 2 1 1                 
      1 2 3 4 5 6 7 7 7 7 6 5 4 3 2 1 1 1 1 1 2 3 4 5 4 3 2 2 1 1               
      1 2 3 4 5 6 6 7 7 6 6 5 4 3 2 2 2 2 2 2 2 3 4 5 4 3 3 2 2 1 1             
      1 2 3 4 5 5 6 6 6 6 5 5 4 3 3 3 3 3 3 3 3 3 4 5 4 4 3 3 2 2 1 1           
      1 2 3 4 4 5 5 6 6 5 5 4 4 4 4 4 4 4 4 4 4 4 4 4 4 3 3 2 2 1 1             
      1 2 3 3 4 4 5 5 5 5 4 4 3 3 3 3 3 3 3 3 3 3 3 3 3 3 2 2 1 1               
      1 2 2 3 3 4 4 5 5 4 4 3 3 2 2 2 2 2 2 2 2 2 2 2 2 2 2 1 1                 
      1 1 2 2 3 3 4 4 4 4 3 3 2 2 1 1 1 1 1 1 1 1 1 1 1 1 1 1                   
        1 1 2 2 3 3 4 4 3 3 2 2 1 1                                             
          1 1 2 2 3 3 3 3 2 2 1 1                                               
            1 1 2 2 2 2 2 2 1 1                                                 
              1 1 1 1 1 1 1 1                                                   

Local Maxima: Result of  computeLocalMaxima;
                                                                                
                    1                                                           
                                                                                
                    2                                                           
                                                    5 5                         
                    3                               5 5                         
                                                                                
                    4                                 6                         
                                                      6 6   5                   
                    5                     1           6 6   5 5   4   3   2   1 
                    5                                 6                         
                    5                                                           
                    5                               5 5                         
                    5                               5                           
                    5                               5                           
                    5                               5                           
                                                    5                           
                                                    5                           
                  7 7 7 7                           5                           
                  7 7 7 7                           5                           
                    7 7                             5                           
                                                    5   4   3   2   1           
                    6 6         4 4 4 4 4 4 4 4 4                               
                                                                                
                    5 5                                                         
                                                                                
                    4 4                                                         
                                                                                
                                                                                
                                                                                

