45 64 0 7
4 31 1
6 31 2
8 11 1
8 31 3
8 52 4
9 52 4
10 11 2
10 31 4
10 52 4
11 52 4
12 11 3
12 31 5
12 52 4
13 22 1
13 24 2
13 26 3
13 28 4
13 30 5
13 31 5
13 32 5
13 34 4
13 36 3
13 38 2
13 40 1
13 52 4
14 11 4
14 31 5
14 52 4
15 52 4
16 11 5
16 31 4
16 52 4
17 52 4
18 11 6
18 31 3
18 52 4
19 52 4
20 11 7
20 32 2
20 52 4
21 4 4
21 6 5
21 8 6
21 10 7
21 11 7
21 12 7
21 14 6
21 16 5
21 18 4
21 20 3
21 22 2
21 24 1
21 52 4
22 11 7
22 31 1
22 52 4
23 31 1
23 52 4
24 11 6
24 52 4
25 31 2
25 52 4
26 11 5
26 52 4
27 31 3
27 52 4
28 11 4
28 52 4
29 32 4
29 52 4
30 11 3
30 52 4
31 32 5
31 36 3
31 52 4
32 11 2
32 22 1
32 24 2
32 26 3
32 27 3
32 30 5
32 31 5
32 32 5
32 34 4
32 36 3
32 38 2
32 40 1
32 52 4
33 27 3
33 31 5
34 11 1
35 31 4
37 31 3
39 31 2
41 31 1

