30 40 0 1
1
96
6 6 9 
7 6 1 
8 6 1 
9 6 1 
10 6 1 
11 6 1 
12 6 1 
13 6 1 
14 6 1 
15 6 1 
16 6 1 
17 6 1 
18 6 1 
19 6 1 
20 6 1 
21 6 1 
22 6 1 
23 6 1 
24 6 1 
25 6 9 
25 7 1 
25 8 1 
25 9 1 
25 10 1 
25 11 1 
25 12 1 
25 13 1 
25 14 1 
25 15 1 
25 16 1 
25 17 1 
25 18 1 
25 19 1 
25 20 1 
25 21 1 
25 22 1 
25 23 1 
25 24 1 
25 25 1 
25 26 1 
25 27 1 
25 28 1 
25 29 1 
25 30 1 
25 31 1 
25 32 1 
25 33 1 
25 34 1 
25 35 9 
24 35 1 
23 35 1 
22 35 1 
21 35 1 
20 35 1 
19 35 1 
18 35 1 
17 35 1 
16 35 1 
15 35 1 
14 35 1 
13 35 1 
12 35 1 
11 35 1 
10 35 1 
9 35 1 
8 35 1 
7 35 1 
6 35 9 
6 34 1 
6 33 1 
6 32 1 
6 31 1 
6 30 1 
6 29 1 
6 28 1 
6 27 1 
6 26 1 
6 25 1 
6 24 1 
6 23 1 
6 22 1 
6 21 1 
6 20 1 
6 19 1 
6 18 1 
6 17 1 
6 16 1 
6 15 1 
6 14 1 
6 13 1 
6 12 1 
6 11 1 
6 10 1 
6 9 1 
6 8 1 
6 7 1 
