40 40 0 1
1
108
5 5 9 
6 5 1 
7 5 1 
8 5 1 
9 5 1 
10 5 1 
11 5 1 
12 5 1 
13 5 1 
14 5 1 
15 5 9 
16 6 1 
17 7 1 
18 8 1 
19 9 1 
20 10 9 
21 9 1 
22 8 1 
23 7 1 
24 6 1 
25 5 9 
26 5 1 
27 5 1 
28 5 1 
29 5 1 
30 5 1 
31 5 1 
32 5 1 
33 5 1 
34 5 1 
35 5 9 
35 6 1 
35 7 1 
35 8 1 
35 9 1 
35 10 1 
35 11 1 
35 12 1 
35 13 1 
35 14 1 
35 15 1 
35 16 1 
35 17 1 
35 18 1 
35 19 1 
35 20 1 
35 21 1 
35 22 1 
35 23 1 
35 24 1 
35 25 1 
35 26 1 
35 27 1 
35 28 1 
35 29 9 
34 29 1 
33 29 1 
32 29 1 
31 29 1 
30 29 1 
29 29 1 
28 29 1 
27 29 1 
26 29 1 
25 29 9 
24 30 1 
23 31 1 
22 32 1 
21 33 1 
20 34 9 
19 33 1 
18 32 1 
17 31 1 
16 30 1 
15 29 9 
14 29 1 
13 29 1 
12 29 1 
11 29 1 
10 29 1 
9 29 1 
8 29 1 
7 29 1 
6 29 1 
5 29 9 
5 28 1 
5 27 1 
5 26 1 
5 25 1 
5 24 1 
5 23 1 
5 22 1 
5 21 1 
5 20 1 
5 19 1 
5 18 1 
5 17 1 
5 16 1 
5 15 1 
5 14 1 
5 13 1 
5 12 1 
5 11 1 
5 10 1 
5 9 1 
5 8 1 
5 7 1 
5 6 1 
