40 40 0 1
1
76
5 15 9 
6 14 1 
7 13 1 
8 12 1 
9 11 1 
10 10 1 
11 9 1 
12 8 1 
13 7 1 
14 6 1 
15 5 9 
16 5 1 
17 5 1 
18 5 1 
19 5 1 
20 5 1 
21 5 1 
22 5 1 
23 5 1 
24 5 9 
25 6 1 
26 7 1 
27 8 1 
28 9 1 
29 10 1 
30 11 1 
31 12 1 
32 13 1 
33 14 1 
34 15 9 
34 16 1 
34 17 1 
34 18 1 
34 19 1 
34 20 1 
34 21 1 
34 22 1 
34 23 1 
34 24 9 
33 25 1 
32 26 1 
31 27 1 
30 28 1 
29 29 1 
28 30 1 
27 31 1 
26 32 1 
25 33 1 
24 34 9 
23 34 1 
22 34 1 
21 34 1 
20 34 1 
19 34 1 
18 34 1 
17 34 1 
16 34 1 
15 34 9 
14 33 1 
13 32 1 
12 31 1 
11 30 1 
10 29 1 
9 28 1 
8 27 1 
7 26 1 
6 25 1 
5 24 9 
5 23 1 
5 22 1 
5 21 1 
5 20 1 
5 19 1 
5 18 1 
5 17 1 
5 16 1 
