30 40 0 1
1
6 6
7 6
8 6
9 6
10 6
11 6
12 6
13 6
14 6
15 6
16 6
17 6
18 6
19 6
20 6
21 6
22 6
23 6
24 6
25 6
25 7
25 8
25 9
25 10
25 11
25 12
25 13
25 14
25 15
25 16
25 17
25 18
25 19
25 20
25 21
25 22
25 23
25 24
25 25
25 26
25 27
25 28
25 29
25 30
25 31
25 32
25 33
25 34
25 35
24 35
23 35
22 35
21 35
20 35
19 35
18 35
17 35
16 35
15 35
14 35
13 35
12 35
11 35
10 35
9 35
8 35
7 35
6 35
6 34
6 33
6 32
6 31
6 30
6 29
6 28
6 27
6 26
6 25
6 24
6 23
6 22
6 21
6 20
6 19
6 18
6 17
6 16
6 15
6 14
6 13
6 12
6 11
6 10
6 9
6 8
6 7