40 40 0 1
1
5 5
6 5
7 5
8 5
9 5
10 5
11 5
12 5
13 5
14 5
15 5
16 6
17 7
18 8
19 9
20 10
21 9
22 8
23 7
24 6
25 5
26 5
27 5
28 5
29 5
30 5
31 5
32 5
33 5
34 5
35 5
35 6
35 7
35 8
35 9
35 10
35 11
35 12
35 13
35 14
35 15
35 16
35 17
35 18
35 19
35 20
35 21
35 22
35 23
35 24
35 25
35 26
35 27
35 28
35 29
34 29
33 29
32 29
31 29
30 29
29 29
28 29
27 29
26 29
25 29
24 30
23 31
22 32
21 33
20 34
19 33
18 32
17 31
16 30
15 29
14 29
13 29
12 29
11 29
10 29
9 29
8 29
7 29
6 29
5 29
5 28
5 27
5 26
5 25
5 24
5 23
5 22
5 21
5 20
5 19
5 18
5 17
5 16
5 15
5 14
5 13
5 12
5 11
5 10
5 9
5 8
5 7
5 6