40 40 0 1
108
5 5 1 0 
6 5 9 4 
7 5 1 1 
8 5 1 0 
9 5 1 0 
10 5 1 0 
11 5 1 0 
12 5 1 0 
13 5 1 0 
14 5 1 0 
15 5 9 1 
16 6 1 0 
17 7 1 0 
18 8 1 0 
19 9 1 1 
20 10 9 2 
21 9 1 1 
22 8 1 0 
23 7 1 0 
24 6 1 0 
25 5 9 1 
26 5 1 0 
27 5 1 0 
28 5 1 0 
29 5 1 0 
30 5 1 0 
31 5 1 0 
32 5 1 0 
33 5 1 1 
34 5 9 4 
35 5 1 0 
35 6 1 0 
35 7 1 0 
35 8 1 0 
35 9 1 0 
35 10 1 0 
35 11 1 0 
35 12 1 0 
35 13 1 0 
35 14 1 0 
35 15 1 0 
35 16 1 0 
35 17 1 0 
35 18 1 0 
35 19 1 0 
35 20 1 0 
35 21 1 0 
35 22 1 0 
35 23 1 0 
35 24 1 0 
35 25 1 0 
35 26 1 0 
35 27 1 0 
35 28 1 0 
35 29 1 0 
34 29 9 4 
33 29 1 1 
32 29 1 0 
31 29 1 0 
30 29 1 0 
29 29 1 0 
28 29 1 0 
27 29 1 0 
26 29 1 0 
25 29 9 1 
24 30 1 0 
23 31 1 0 
22 32 1 0 
21 33 1 1 
20 34 9 2 
19 33 1 1 
18 32 1 0 
17 31 1 0 
16 30 1 0 
15 29 9 1 
14 29 1 0 
13 29 1 0 
12 29 1 0 
11 29 1 0 
10 29 1 0 
9 29 1 0 
8 29 1 0 
7 29 1 1 
6 29 9 4 
5 29 1 0 
5 28 1 0 
5 27 1 0 
5 26 1 0 
5 25 1 0 
5 24 1 0 
5 23 1 0 
5 22 1 0 
5 21 1 0 
5 20 1 0 
5 19 1 0 
5 18 1 0 
5 17 1 0 
5 16 1 0 
5 15 1 0 
5 14 1 0 
5 13 1 0 
5 12 1 0 
5 11 1 0 
5 10 1 0 
5 9 1 0 
5 8 1 0 
5 7 1 0 
5 6 1 0 
